name: myenv
channels:
  - conda-forge
  - defaults
dependencies:
  - bzip2=1.0.8=h8ffe710_4
  - ca-certificates=2022.6.15=h5b45459_0
  - intel-openmp=2022.1.0=h57928b3_3787
  - libblas=3.9.0=15_win64_mkl
  - libcblas=3.9.0=15_win64_mkl
  - libffi=3.4.2=h8ffe710_5
  - liblapack=3.9.0=15_win64_mkl
  - libzlib=1.2.12=h8ffe710_1
  - m2w64-gcc-libgfortran=5.3.0=6
  - m2w64-gcc-libs=5.3.0=7
  - m2w64-gcc-libs-core=5.3.0=7
  - m2w64-gmp=6.1.0=2
  - m2w64-libwinpthread-git=5.0.0.4634.697f757=2
  - mkl=2022.1.0=h6a75c08_874
  - msys2-conda-epoch=20160418=1
  - numpy=1.23.0=py310h8a5b91a_0
  - openssl=3.0.4=h8ffe710_2
  - pandas=1.4.3=py310hf5e1058_0
  - pip=22.1.2=pyhd8ed1ab_0
  - python=3.10.5=hcf16a7b_0_cpython
  - python-dateutil=2.8.2=pyhd8ed1ab_0
  - python_abi=3.10=2_cp310
  - pytz=2022.1=pyhd8ed1ab_0
  - scipy=1.8.1=py310h33db832_0
  - setuptools=63.1.0=py310h5588dad_0
  - six=1.16.0=pyh6c4a22f_0
  - sqlite=3.39.0=h8ffe710_0
  - tbb=2021.5.0=h2d74725_1
  - tk=8.6.12=h8ffe710_0
  - tzdata=2022a=h191b570_0
  - ucrt=10.0.20348.0=h57928b3_0
  - vc=14.2=hb210afc_6
  - vs2015_runtime=14.29.30037=h902a5da_6
  - wheel=0.37.1=pyhd8ed1ab_0
  - xz=5.2.5=h62dcd97_1
prefix: C:\Users\anurd\anaconda3\envs\myenv
